1211698148994760705
1312583974703816705
1291147770275827712
150332162
826197045920690177
786277726923530240
760108481592647681
1220087087673892864
15410116
1131732018
514161676
52782371
21377580
58517231
3448464204
806952504797839360
442787982
1185355096294428672
287947126
1088526638919299072
1075817900219514882
3299923123
2767551883
291736392
1321126826450788352
819646999939207168
1144274733820776448
862446694943907841
1320263080471785472
907384769813602304
66220574
3876327861
737291432
150589029
2876704776
1082467033206337536
1321880994895536130
4746199572
19750443
1724056231
1302685091429310472
1309835912893919232
1611066224
2707250232
158880881
888154196897300481
1132147396375339008
1395663481
929471775246753792
1316409246578348044
188880697
177584156
1204213307818815490
28639102
870466436875137026
