138506597
1466053598
271019417
2307343860
539585421
894017533904277505
151330691
904667665
896957519117135872
1614048962
19875015
1323045075589410816
976201289070649344
815713422
837162843103506432
3225450034
1295962793498365953
1305383292825489408
1305522653944590336
1313349564360011777
21829616
274677989
201879347
773920394310975489
1132988845904007169
24466615
217726557
15396823
1197782041464430592
273434716
283718275
185419503
1049991656580308992
1240214212799893504
1034114660495253504
23295910
233399390
226649881
2612348927
994191252160700418
49841587
87092721
880778036517326849
2829528619
120161334
176439834
788283362
208069580
16929566
33076468
87047285
44251169
743667480023928832
365544795
250044015
1244052031058391042
3311284773
22285829
843352918858260480
1536071059
16636488
17301904
74478182
1221837168479436800
241732194
1284912511502950400
546373172
4893131801
18494897
1269643348492632064
2913990913
14758527
89213165
1237481928569339905
199700471
1612067526
923220266150432769
372445559
186562743
1081669827490660352
2796766114
202007411
217090898
540275586
786734930130796544
988525777850429440
233982677
18921903
1162364615067668482
855934892
1330005348
1777681
239700809
2984559967
946902014981652480
508235192
885535994677796865
1253494673576013824
18945922
914999630722686976
564084737
38602120
2993358923
1288966228162166784
44920606
19773290
1188934956183146496
131717792
348885920
187675577
1267625648232845312
944101315919085568
180234263
292725126
825574418072088577
864866604986892288
2407996398
1221906351913406466
123080263
22068658
835269574668976128
1079060705377222657
809136629927579648
1292528491
196571083
833710812
1118087730
1040408162329927680
14683174
26840846
970442242669404162
424398176
3159705787
109248089
411566885
1307337450
1265307512707956737
3767798773
109486814
17280779
20179663
59934025
113020305
863871467938865152
763725540046073856
886060050413834241
1288134131554103296
817404311051309056
17980643
594474024
1171137029129691137
1105273933
1090095472700809216
2899814167
310455468
3369532168
1308203200915419139
789814939
817744432711618562
6131872
1138852155757142017
1267609706849357825
356490714
815382934974668801
1213366761807966209
915701257
3198853123
874277458736017408
32291774
278251504
480511992
2547089394
379185264
839340336908488705
143474849
629827545
189616042
59040842
66030419
1320525483977703424
15646687
818949050212974592
492462366
15430780
18089796
1715929668
1304224693050904577
822535228556185600
49787552
975786753394126853
2178767930
524410758
819028015569108993
822875141248057344
520897626
952829508
27032609
2185448373
1272706401220132864
733718154388643840
233360799
725111000974893058
18030051
1254895669556449281
1952016942
452772625
102532798
1247385654411046912
771096098052018176
1009486361714462722
1080136322268971008
1539740707
16700340
181190970
411845790
71723195
1551414596
3905131696
612759839
210078061
441050403
820352025271468032
1082136281629540352
14810569
460617733
198327794
965388092336033792
3888682992
2296973810
1242548974474661896
28131515
928163065
267028236
1274479739021950984
49470899
257082907
760337274
250849580
819664920295907330
161649239
786380343872000000
63738419
962654210
1262193302830411776
868648623608741888
22019015
1267983593877331968
385031272
894353935103905794
3242564612
193376196
955987249421783042
1453228080
59284785
21539378
2933640214
740315809403277312
34568841
773649660
2354754379
1056492072
1316787155104985094
93421232
16502361
155022169
1277691685301075968
401540472
1183649223977271296
1167153483566313472
877209210332868608
15411264
1073746682033123328
987862825
1126164089984753671
35434150
990678024675840000
1093725312368762886
874397839899721729
268157829
1212675154972536832
978313290412589056
330460481
72334229
1195379013939867649
263804463
1461342943
135929930
313458732
3251884354
83198271
18594687
1693631
380355797
780577873904021506
938541052264370178
180664700
1219807037304885249
4376648537
820334024493330437
16037482
1298931571412656128
1119000172078542849
146837610
1221546793793540097
778681316220866565
16661080
213169226
2901163897
798499735
942447002
935634157346197505
1078172164069748736
1250606201265684480
1064540164993753088
1176968840795676672
46450186
23919530
1305258626865491969
36590320
15853073
295884124
17505533
18457489
357811235
6931262
433410558
50214723
820641288353628161
515767837
1284948245857402881
71077281
1086402743206502401
33955373
465092949
3986581212
806794262004150273
1124098054913544192
905259692334698496
17765372
1196261010912555008
116257271
1050074835093790725
1069722369407811591
31270415
2463627350
819342472694284288
23900305
1255565600
2173272619
18184650
829801363790032898
414918588
229567609
42741400
4296218774
1244579055766245376
1304258390806474753
326330970
1034461838090616833
2235605828
1249227623986638848
15943336
1267197781330087940
29804093
18472697
1184451157877497863
987863178
16672810
3015173609
1128804261637361665
921601428
1077652688760913922
2828830910
248058748
277013307
93909660
38449287
95208615
9052972
467078620
8040282
1434258174
87207875
70111948
1113546104203829251
774239819434164224
1214398045724364800
14726733
2294193683
20381299
90222798
898297003
785671145945038848
18256552
37599151
1093202786039226368
3240592840
616138397
702660738
1029850931704291329
1293692680195760133
3804200413
848349045571637249
1086533028
833056026375118848
56846633
117884653
29419200
38079209
4288312213
1226162402384863233
73068890
1535647694
16571936
129983490
1109946008673251328
905819192175284226
24839495
1170738335175847943
793404876826914817
1118678733131583488
825558933523795968
20180069
1240052719454388225
871262421234659328
343276553
1429934328
2373422335
1194777086931566592
746518466073497600
1333097058
725391665381425155
1240411748
1026272453977432064
762010394760187905
74355129
4693578204
2786133806
15682943
836640929280888832
1650925400
87884169
67155301
876177850520535040
721286941
1234191102464450560
747392241715404802
1059805476542509057
3083469639
2381518866
1292580701494280196
1325161278059368448
1284676169070080001
145066176
1214571931
2400039870
22204534
1643539542
883278541
18304925
10775362
3434415118
59801057
831125178
23398197
46314746
95592654
3225956311
203765012
80188258
23015810
2227789817
4782771
11005242
1324578483994042369
2875130201
756320574637350912
225818294
559614467
1135821070374723585
1341079609
1417494384
63929779
293244743
944693101528059906
1264389382464815106
1001081461393444864
929057598162264065
2428352179
4379738255
877171319703515137
21710239
715179109488402433
4892880071
19522014
4856061093
366200683
396437911
560801247
1298536113707991040
346296735
23350681
10255262
879539283815653376
277316487
1280670012093747202
14423351
830387870
189953792
12806822
1131559098967887873
757933341689733121
3707031140
114483
1090792273682616320
753817992
31130312
771816269569937408
1033681831
4917265872
18750206
61956678
16008908
81204434
21102163
35195780
277184396
323904727
14400108
1158735652688670721
729533279163056128
419267694
20536069
6236592
1159954920323395584
820557683115769856
1226164381026832386
759470370462269440
33081591
4686700003
1181192674298093569
35647936
36862896
217386071
62626670
25547382
280633121
1239864066958450689
25541049
1316430177749086208
382283935
437917618
3308387324
312933224
1233108520444153859
2455692956
509080755
1253544384
220489080
15502903
2251656144
896586729100128256
92046189
425792634
8432442
23373795
962688919
187987961
1127893843
19550262
18081289
803889998
709300592733265921
78767436
68401342
1300878919554523136
19344232
467835117
14198969
177607190
1275204742923325442
275320948
14207809
184886653
431485759
86101978
1025720046822326273
22999049
384435212
1279512071873409024
786627150715551744
104005715
262038108
1639178444
1180780145860370433
837758045425963009
1117755449166716928
239581062
1138031981772660737
719310934095736832
5500132
979714448
894304177223905280
817401306
547106736
1295495171845619714
1346343362
451267719
521747143
62369033
1663040058
251272156
2600795179
2284507139
22105603
395592244
81280055
2163634489
453042051
293981380
2575184181
749229286410883072
2209642982
2533761950
1092202778
862544269504126976
100454091
629143437
13854472
217281621
883362021353426944
1287181452
24504850
1278407897605644289
3079556932
36370521
1191531494696730626
156850688
92394080
980237238
46897768
1945118906
1668983874
1251359978595577857
314057448
21524694
580129275
18842574
892032913
634836215
14951588
745699970905341953
1096889336447070208
11720652
831815773
16218592
915640671557623808
3086745538
384218320
973799466
1135863777671503872
2269808175
23949317
20501971
70755390
32230528
1280864212089257984
1183702428014858241
1138904798537932800
1273908059602124804
23893166
3009596160
943131657745207297
15393483
922144430
20479252
59741022
1213589637630812160
15733624
1606186081
15521313
930500612437020672
14199284
428396120
1225216698627715073
224849693
296259036
1977314048
1323746565538959361
1316496302524436480
1231673507756507137
565790658
1232329907843293184
21870867
1217052290009456640
727052270
1054411946546597888
591468824
266252872
1132960915626708993
248798577
1216339654288531457
18968292
173056654
841149183465795585
2246430890
342353635
466108129
471576236
2716514848
320131750
47470577
3166711505
3125809606
1056972473466478593
1205772951473270784
1320875316861116416
1164287075878785024
4549864707
1232752056320118788
1072797319
745781758797426688
702509914539859968
23119992
1211126058
878883806
742843758270664704
291855832
1308553103143325701
721547483436883968
2572956582
15648623
1326534632137953280
1324771750870175744
468534179
161296820
3012526456
13861042
7871802
448146493
19278786
1070592970418610176
1310157096919408640
878291073226993664
125596364
19990247
22278716
1112061904363683841
1908757357
13537462
842288667750195200
1017354300
163381770
561315758
227259371
703928060
1176268413515304960
545980272
4735432776
230939351
6587
218246836
3091257648
2534863005
894147508259172352
157756680
2319331160
1161311800350183425
1215299613613264901
21332359
1290109490868686853
1126930663
75944220
46196547
817782027122573316
23429181
63140990
731253
1035688579
587161469
1437068258
40324125
4018888580
921728354
987685410
266312628
816820014
281582745
2462458993
23611303
44133835
26979081
2700958088
1112830559892508675
39363721
24997988
1938619676
920668549705797632
3230775186
779024823850795008
2346336043
929426149884567552
3119033985
18889961
1178684065324716034
578234529
279319442
1101132229093326849
548856804
1290071772029751301
543805415
2553408986
18001872
1278683620010590209
926136843002814464
88394900
1211891843379544064
1040447177191878656
1302685091429310472
2409991230
302667955
22917107
740021901754433536
1144744744410439680
3358971327
49694452
825030197237854209
357813086
1253821443529338881
741669649184612353
565902105
623296444
497238252
361063374
34873009
609423
491605822
28952582
953424751208386560
33988376
382439302
22454469
106558818
81977597
293205190
567769377
1190850989496176640
1306087899004375041
1103858786
2499971250
