156133143
1223681481274535936
886699120962015232
1620550476
873136082740707328
1279151077930213384
63677259
1100424932813668352
1312274637305384963
1202021939084242944
1309637038208151553
1127398427044843520
102547130
1324689053908934656
1187768172
1299462526825107465
520421064
864188857666994176
1324647270147485698
764575616649859072
67328417
1318942881269383168
1225571074257100800
818238929795219456
3106743727
88926817
1340843054
477890068
4749742398
26193351
1313185468406624256
260920761
1280560177800978433
1005206587277967361
719194254
855888144863866880
1265981376467173381
603655168
4861590954
1052892622954610690
171591751
1177737169558999040
18441838
1320470694258528261
995667818115936263
156745414
1640641176
361414394
827776024586887168
1283814870
18266688
910662781208326144
1265118775189200896
1259885769528877058
43058837
1317516843649798144
764245819
1213849976
731050924018302976
16481548
900924180677271552
713161109805641728
1159485907231281155
2417747402
3251942749
1426302834
132631659
760128364950724608
998294687784972289
1006922738500374528
1267525343520358400
625817038
885721498811379713
1311141669396455427
420526189
2920456294
1084131217207971840
2683015645
20170208
830898442608246785
1196504849002770433
1029374580463476736
2472618817
1324134004128423939
874977303641677824
707303969752797185
38501449
39620866
901130763302785026
1284015757056110593
3419594272
558038822
344685932
873764587
1033395463838412800
791636874670374912
1328299676
18247062
2355634165
3385616975
710321015818039296
569404221
837683814470201345
1266658288877408257
1278383581627387909
1263026858905366528
1158533809756880896
1273108840180060167
2168339228
709161467401019392
1203520087938027520
1308952122533146624
1237934161534615558
1321822487408074753
1303924533934473222
53102577
3320659538
905260576888291329
952682106
525002011
1957799222
823179478956437504
298299354
829159266074255360
1215409387608502272
3003720974
522595537
3486204143
1056320575344381952
1208175895900545024
1325152366098698248
425173785
2172599869
154962631
1091415503816544257
1260698308177256449
3284687090
177584156
1317265561206714368
1324446135352786946
17090845
1076858827365146626
823387371345354752
1256970501743947776
892188306
1325780467178741760
85904700
194512508
1367404963
976681201
22797433
1081322910319603718
1136450510091952128
878837340017278976
368525958
1056913261164195840
1039004244240621568
922924610600951813
2806502518
788792699256049664
49150395
858741079
1102333423891501056
786473586764554240
1191579475
597829931
15813400
1310275800374153216
1216797630082228229
4759604478
717937938
1281994336402579456
1548449911
2696138228
1087780248291328003
62043694
1324395811011203073
728781246
1260259364562239490
1215246858735452161
890478834797223936
575847487
1321565515828076556
820089057807978496
789845232
994219138531803138
1308197623266979843
3229318740
22272027
457313865
630588785
1192902290
1267255350362808320
1206628895493120002
829834414741925888
1296923530928574464
346129209
1083484766224162817
730103476911509504
230074830
18388682
1129447129917923328
281658270
92425887
1220411311877697536
1304234479909851137
585488411
1162538542976970754
61050399
216777492
1409478272
2349175704
4759874783
1182639365308051456
1249210104219664389
2539396761
1318064266373697537
1323468988035166208
965991201584418816
1436268188
18023675
1246580961799589888
26459184
1188261588584714241
73061659
2530206090
1318291797303386112
1107108348862828545
4644334440
633466950
1213354887427178497
1090293150969663490
1313745713163956224
723919843821535232
822989886718353408
855649584005103616
2935010737
2731660389
710978453525413889
28263722
49109153
1096097051870457856
1445261012
21365300
1313081774919032832
795105982435180544
782970532232691712
3097090561
3535660221
1204412488453898240
531570660
