17552584
950606572950040576
222433535
217428899
981635833672404992
889593303414562817
90606540
132517942
3418051019
33179198
1248295035558379522
1316029498056306688
62848722
474154291
2457271615
822925858235092994
805751456
2811599035
172937415
360319432
147785572
1274264615279644672
273047377
1056372562257682433
50915521
98703000
4872191835
20860944
67390120
535753057
567503574
1301962207
15845694
28181850
1688448750
430889283
738378148715364354
17287134
40280588
18804737
145348411
1299068516587495424
211506234
17156517
969686500920233985
35256877
25451747
209143649
610155686
956209272102313989
263839849
3221715698
788909525629804544
1302685091429310472
854139214753038340
17994199
25750133
1143947807218442241
914138959327956992
3329896154
3165983253
118837238
965366246
370260313
2443412780
195180528
421269986
159496534
1058587226
120823405
106440730
3296855851
1170886154146721797
1618522050
3319405036
838592048177549313
1226130919
83663354
32909360
270867638
3788664434
870772696581275649
1034865374972575744
1119609780421763077
757773048187490304
3689664612
53698992
110992296
271239847
930323747973861376
1309000304827027456
774657074919858176
809798627866660865
16590046
1013554307252310016
2379795302
4855644681
1068173938486841344
720656471973728257
1046501207840362501
1105716236451667969
1367575644
90934465
2965250314
1269111835808141313
1209514310
4921598403
294975749
970101309914472448
1140137388016119808
343596108
1905311407
328598457
892558698098196480
20694828
28409967
1189676414804594688
1207370663175974912
2856175507
1016814581262487552
1233902317021343745
1202647808
64082509
907398968
2483939983
2354154090
1113251221
20746425
21676311
1463707394
879881026956406785
251227448
13409772
55876525
1157323747218644995
1181620884282515462
2495329855
863198943169138688
1949205931
795697858192277504
371775760
959982033148829696
1201224287245537282
1309544433608585218
48184610
2953823577
318538192
19654995
48193266
49765682
946919952
50539201
481279215
568648835
121861357
928048494090342400
1330156202
42771391
6264522
1152398036
18323793
1143337829638053893
249738176
2383441052
1132047554923900928
95921392
884654616
23927180
19348934
4226803895
2759872755
38503308
55856471
213243802
4596725054
14305753
1022594906
1272558971833004032
18966943
705935081601429504
1117247533762396161
3624181222
101849445
264936423
53125507
1891668254
38093330
874676905
937889385155932161
103123025
3128563494
21338925
3425495721
21507056
863575446
805804341777076225
3146589655
35690080
375937622
2898512996
97814318
24162623
282724839
59508780
98709754
267394734
1319263438850277377
1097912841250717696
49859550
22995704
105227465
3947971456
832606155973201921
76449502
1021382089059590144
395512975
24359898
1136406429978390529
46488985
426077716
39554902
2352130610
57431537
4341028152
1252719144358883329
82010077
46939948
260328232
3383863575
3703961546
1012209702
52491611
243856086
42635826
146269222
20887809
1295336234999599105
125768192
1174688375292473345
413321686
1244678617293963264
1362811776
20388990
140822682
814792999381200897
1086854335
1036327391122141185
19579115
21220972
106530970
1059554282503061504
761724201799589888
24074001
448991059
739311236
1023959648720891904
2578913078
3422289221
35528209
142519759
1018185816
3864246502
778294896
24464151
2864320433
3248975382
1004858721007218690
818616704867516416
1325247146
2880072324
833094588642578432
630608702
885821035
35777372
15823360
997781846
1079134990502453249
2306895415
1231982127765430272
39306293
46307840
82860801
417988703
115347679
1438251019
1038507982328221696
986340476025368576
549587843
1277274412178378752
56729527
21133156
2192969329
46477951
17472364
3988036167
2873456804
54972726
542956778
389230537
1087097065602248706
139130666
2432463403
1033974383965024257
2826849810
1204803533331214345
503953067
3158499373
82382893
