1229060372105134080
1229060372105134080
1229060372105134080
1229060372105134080
1229060372105134080
1229060372105134080
1229060372105134080
1229060372105134080
1229060372105134080
916308444025638913
916308444025638913
81845639
1229060372105134080
1229060372105134080
1229060372105134080
1229060372105134080
804468982245822465
804468982245822465
1229060372105134080
1229060372105134080
1229060372105134080
1229060372105134080
1229060372105134080
1229060372105134080
1229060372105134080
1229060372105134080
1229060372105134080
1229060372105134080
16930164
1095790874947141632
1294810386982526976
20482530
1150535434361085952
16930164
16930164
16930164
16930164
16930164
16930164
16930164
16930164
775137023979958272
27397174
1324764564311826432
366028943
1149034805633458176
596174897
804468982245822465
162429654
818956320887963648
1229060372105134080
804468982245822465
804468982245822465
1554371179
382676628
1651225333
276819775
788653445783887872
710691310781521920
2326486153
863912208
2995412232
81845639
1229060372105134080
1229060372105134080
1229060372105134080
1229060372105134080
1229060372105134080
893613812745515008
1229060372105134080
68747175
64431010
3259389906
1288548368067829764
2447659776
381399271
627830911
167507211
16127084
1202943754098872323
2604459826
797928194682843136
228946140
307942295
881257625878319105
760574684626690048
1229060372105134080
1229060372105134080
1229060372105134080
1229060372105134080
1229060372105134080
1229060372105134080
1229060372105134080
1229060372105134080
1229060372105134080
1229060372105134080
1229060372105134080
1229060372105134080
1229060372105134080
4228587138
1229060372105134080
1229060372105134080
32654169
1229060372105134080
1229060372105134080
1229060372105134080
1229060372105134080
1229060372105134080
1229060372105134080
1229060372105134080
1229060372105134080
1229060372105134080
1229060372105134080
1229060372105134080
1229060372105134080
379482411
1229060372105134080
1229060372105134080
1229060372105134080
1229060372105134080
1229060372105134080
1229060372105134080
1291628527197052928
565246182
419890579
1229060372105134080
916308444025638913
1229060372105134080
1229060372105134080
381675632
1229060372105134080
804468982245822465
1229060372105134080
1229060372105134080
1229060372105134080
1229060372105134080
472280658
920827469657030656
521966673
1157695156948258816
1229060372105134080
210433120
72994171
21340511
916308444025638913
1229060372105134080
1229060372105134080
1229060372105134080
1229060372105134080
1229060372105134080
1229060372105134080
1229060372105134080
1229060372105134080
1229060372105134080
1229060372105134080
1229060372105134080
1229060372105134080
1229060372105134080
1229060372105134080
1229060372105134080
1229060372105134080
1229060372105134080
1229060372105134080
766433218954457088
700398134095147009
1096574186716225536
241592876
1047537024444653568
513776157
513776157
804468982245822465
1229060372105134080
823687159
1248755341141082112
49886799
822308160606060545
833981684
278765621
804468982245822465
411194431
161197560
804468982245822465
3407210764
822308160606060545
804468982245822465
72591377
1229060372105134080
1229060372105134080
804468982245822465
1229060372105134080
1229060372105134080
1229060372105134080
1229060372105134080
210638799
1229060372105134080
804468982245822465
1229060372105134080
1229060372105134080
1229060372105134080
1229060372105134080
1229060372105134080
1229060372105134080
1229060372105134080
1229060372105134080
1229060372105134080
1229060372105134080
1229060372105134080
1229060372105134080
1229060372105134080
18385910
1229060372105134080
1229060372105134080
1235616723883233282
1229060372105134080
1229060372105134080
1229060372105134080
1229060372105134080
1229060372105134080
1229060372105134080
3311783488
102466306
1300813999181889536
720429087483760640
22368964
1229060372105134080
2974110382
1193542532
1309864416767139853
1268080318562676738
450954156
1269388715257933826
879472307139485696
3829091332
27274942
18399686
516069317
3529074436
72037291
69256645
881566776554926080
1209946634
35549965
17307754
1055930895125938177
2174840354
873821727943532544
1118157895533776898
455552372
1389054870
1215877715913371648
829872023585378306
104850722
455552372
1124340472976171008
1141873678692626437
703663330796269569
3071737748
769981852211879938
1048204263242027009
795026842759532544
1568890165
817804572777443329
1309792618562215936
531587714
18340587
116450979
381950496
1343300730
40501756
932692167671283713
821021946284560386
1210703210
140298573
1146683604
72994171
71384704
23194229
21452155
4281810921
19956833
862169906
24658978
47212311
804468982245822465
1229060372105134080
1229060372105134080
2863725277
150406341
1229060372105134080
386331159
401080387
56223783
1306452113963319296
465788706
516872875
56223783
217714879
2188683438
4144059087
1299794056097259520
471586366
3016736289
1229575720097243138
2453578782
22949852
916308444025638913
56223783
22797433
56223783
1229060372105134080
1309440393604485120
1229060372105134080
513776157
479211236
1229060372105134080
944942729238212608
1229060372105134080
1229060372105134080
1314017763476664320
179976580
933565985533050880
748309946039558145
822982329123700736
93679605
290156022
2806348967
814509389847601152
814509389847601152
814509389847601152
814509389847601152
814509389847601152
1196100031
838411663170678785
785285498046550017
1061308099
3715534392
556291837
325147426
709560893
1123001234
863912208
556291837
3540252020
556291837
556291837
556291837
556291837
556291837
942226854
556291837
556291837
556291837
556291837
556291837
784820109038673920
784820109038673920
556291837
556291837
556291837
556291837
556291837
556291837
556291837
556291837
556291837
556291837
556291837
556291837
556291837
556291837
556291837
556291837
556291837
556291837
556291837
1123001234
788111323
2623964607
1952255275
940927475453919233
34667892
1198163093261561858
705136092345995265
376843909
16482012
1267242133250949121
1289337333242892294
179976580
1200709897341603840
894361338
1403325440
1484987880
993003944711507968
934630370582044678
435449437
119474441
1419894884
39950213
146456142
556291837
189159732
53973522
556291837
556291837
556291837
98279552
3843640245
98042618
630440447
29068389
1182359438201630722
893613812745515008
1254085662539571204
2740559801
996576181251117056
64126031
1288854478934773760
1117898546055761920
804468982245822465
704865315335892992
804468982245822465
895025815716593664
804468982245822465
916308444025638913
804468982245822465
796695426
1229060372105134080
1090430538534535175
234210005
57705787
1317225386661564424
1063265077481140224
1229060372105134080
804468982245822465
308835963
1316032394558943237
944677376
944677376
944677376
944677376
2961521318
91905685
881485129
814509389847601152
814509389847601152
1213795481060405248
1281598408793436161
955640593924927489
23556222
23556222
589867551
1169737423
589303989
43240822
873262873140748288
1294843962528870400
3396159569
957781764763602945
822986086951649282
48372776
8305632
434463744
1002344948275048449
1009560837734846464
1187424511697805312
250131859
345001664
346833400
1122258512925556737
1176458888712982529
898887043
373033271
823966149130014720
22778877
997845443190157312
3106743727
64431010
838046850238271489
1307154500415664128
43368583
1022972271843897344
4427177261
1307154500415664128
1307154500415664128
418867782
461748408
1307154500415664128
1526362405
1307154500415664128
2840188581
903394670935293953
449313647
32991552
71151969
1132317720681127938
781490549836681216
35179764
70985527
749953408883367937
1248924725876871168
905985002
16127084
791052695524311040
488282592
1131970183218716672
1248924725876871168
2193702882
1305091801
45479337
418289481
1222584423977144320
1202943754098872323
898225202458501122
1026485292390395905
73712538
1286817818948907008
740018228693327873
15790644
301006691
3260501809
785314787366502400
285962360
877239859789918212
602647152
838912583897841666
49226489
1266753640477401090
95939629
711472688
958103755341275136
742137549263536128
231636856
1249359995155562498
537361002
49150104
316760209
3666245975
1303225133801242625
423901013
58450936
803017539903029248
785314787366502400
824006994570919940
725332871796383745
788462102
238653938
1287497022757470208
4716839673
824006994570919940
247562447
4085864957
183657109
3941880252
87338170
1297361433395630081
1169737423
1215926229892784128
772318456117010432
774682061349220352
1192902290
1270184080240304133
839295331804327937
410076442
1325505554500837377
1379361276
55976150
146456142
1266887309833703425
1187424511697805312
1155220133813661696
756139310
1287225810
965736442675826688
18557659
924296569
1277007004209426432
36201675
2917954106
257973635
2373573492
755887588544811008
1190416829384019968
2705030808
741062786449448962
60501089
874740812
177584156
785314787366502400
1279137966213005312
199892296
462595972
390226226
822668876785782789
126327405
4491996682
867042174
3260501408
739190190699319297
1197621270797525002
481254586
149527508
1294375853409931265
4872840237
368525958
590548511
1296157951
1654412989
1212492798806482945
3308560736
25320407
1248661381127327747
760658746305548288
785297795334803459
702033150176841729
1316555616169664519
886949509347106816
140570358
286479483
1213935303020269569
715930119626301440
883853167
705635281546817537
991738895510528004
726190182324523008
1270184080240304133
818451103
264376821
774099067349573632
1179034654294196226
2271098004
2845955115
2823444001
1255656308641894400
713774847835262976
458015801
4778460802
821114954334031877
634961117
827214126
585270808
4847877405
767424168669229057
74259728
2969020942
976681201
74259728
86810384
1138156486834642945
462990844
111044865
63562180
1148003467736363011
786010279985360896
188863514
1047709208903385088
22815530
2247687720
1110392663671533569
1315442714918363136
16392953
1289336257110315009
1077108105144500224
820491115
801278530378006528
1224031901134073856
1149927440346562561
1048044452873478145
947877246114689030
884566298
1241824673102540802
1309181287136219137
24822721
37325529
366031388
742537074658578432
39213626
19098222
87603897
807036641714073601
132708745
1306789626305110016
1005628675
3899793796
79532207
3361642707
534606191
407566718
1094055377530810368
759099939129438208
1303762044181778432
719202585639460864
1234977660901765121
1013404544
1259258222428422145
1303785838074105863
584350121
1240313383900942336
114650320
855658513
1308235495923683329
302948698
53689510
23473486
981349190
49181414
882419319950462976
1243073726549286917
20197657
884952862157099008
1315752266620645378
2853313593
3711146475
992276069582450690
1449530082
722275037055729665
824464739942203392
4244974454
3222953172
1020046317677088770
1309999844438622208
571592528
1256998760082624512
1546460323
55263400
4337549712
989166691459452929
1269618941237788675
846807913
761413374416683008
1269646146672177153
505049911
1167077341560025088
954258846117126144
177584156
2138681
42935247
836861785
63995927
1135924566201589760
1120953847940124673
1262115175966146566
796026097217503232
726119923886469121
981266373098614785
280862799
1224909475913650176
1139749037148495873
74641039
2573133975
747480363371499520
1070814800559661056
492930012
266079348
33786229
719202585639460864
823207906288041984
800162412024373248
4520024147
2447902554
836867256
49317402
249956576
841751016089387008
383585095
923056327592517632
1166514286769975299
20932641
899059525
25446957
214300154
61643690
954357492187877377
25294131
838340178301210626
54257800
1137013898446458880
1320425407359975429
3404385015
1224211230002335744
2548991396
906675799
173831487
811363005359357952
17976820
796308937
2439923991
1146461271296020480
2871410219
1225818590
902666742
943879186426617857
755580528376487936
1029157616767979521
979973747774861312
709821204132143104
2960530215
121333842
1156175087789367296
827776755511369728
246535012
24224728
492602213
1113830237379465216
414419406
49150104
315913915
27473180
2851849943
531557934
24806998
893345701
121174575
97727672
1300523956378558464
872210570
1246956663040507905
1240143314806018051
952360236446375936
538185176
817551337693073415
869976631280099329
373159336
136174220
552160419
852758066349068288
874251688932249601
14638732
3461029334
775811576859234304
1245520454351228928
17173882
1498982149
1277115588243062784
1035668699615612929
93452227
20365254
798781117071433731
1187030329938210816
75730979
31406698
18076141
3340267793
788009667029004288
116473390
820432978392338440
708746046793355264
96155436
1295013193757143041
1240302101508620289
1294159055913652225
378829979
1276653776137531392
833497590356402176
1019817809478483968
979487463122128896
22744492
1013076536067612672
947732201566638080
707938453
125341629
1219104831182270466
1323876927761952769
879895292132208640
198464696
1555713079
1289238378093846528
1117898546055761920
1253085254652321792
1325592193013329922
1253085254652321792
1229060372105134080
2699174016
809256018639224832
421381398
1307732663151652864
957384842718560257
907646706895937536
26922455
1360333130
812484871033655296
46714205
1133836938077790209
1293636744215175176
1483275344
2823444001
309513718
21531121
1242988902111154177
568184437
2688427028
982001079616450561
1315057886205280263
959557458695016450
1087435956
2758984424
111331653
1270913059754700800
1323301889711181825
959557458695016450
34663583
1259900510494175232
796512028475133953
885265748
1155220133813661696
2434224397
933208401424740352
3126819407
968047699
2322143654
39878846
1155122854347886595
328470960
1054729040286892033
720574705976090624
1161779674768388096
1223037100708319232
822499722132946944
177702195
2807612783
2865540585
145705311
781857313741209600
1254404918083018753
899961024601874433
706223604615258113
893345701
783514897057480709
873136082740707328
712063346141437954
3929993421
1416964124
893613812745515008
3237851740
1041814437525475328
1015998288653217792
2965246645
2736365747
96425241
400475649
27467088
1179034654294196226
924438048993136641
1041164464983162880
3150796444
400475649
4874903294
1103665528231604224
1280924590936477696
783514897057480709
4858453113
2335458098
329278080
2930040448
73906011
1121825952173105152
935507151547707392
1238250947677020160
446507446
32824532
1207007077396361216
1214295630366957568
709794699083579393
117088859
1277831679097241600
810695664799809536
927921163854073856
1167174850479316996
866098569211674624
2871849856
37297803
501358969
874495994
26658853
254324487
887369199131254784
1288854478934773760
601249300
1103072768663404545
945684293304700929
304734661
2455478245
4890907354
166776215
822999677448704000
842457138828046337
948322807435481088
2745409707
1403325440
2475989550
68091766
35179764
864923719436836864
791324150874812416
370306617
3107936864
828791362183188484
807039567832449024
1071946384465584129
38430190
2432929729
252165928
712063346141437954
361091498
16382896
940296315413716994
242167124
163269552
1299792622328848384
57140744
509384598
826098849471143937
159644446
1108709168880517120
938019073
1096275867884498944
45479337
18534989
15378447
809065116448616448
1305255353370771458
2191322197
26922455
21973177
528589192
1250997211384541184
1245366915238952963
1325129629439586304
809775760219090945
243479173
48208076
826279598
788133722390401025
830395948715147264
346010827
732716625619648512
1258242021900406784
1257712375
59600581
1708553035
1316734884530933760
1152654837252857857
1151577398477041665
3303875630
172485255
2536551196
29384303
2600818932
26493904
1884086156
363704109
947688157100871680
560058255
1325816359499018240
373159336
574871356
35318897
997975957985202176
43816649
1260153174
48289070
1668206994
807617724910182401
777679891059716096
163626482
702313144346017792
1275963355052867585
972519758040940544
2670160051
410256885
36830025
1150914516
1094037623646019584
1054733917729697792
2861173637
1214724812569903104
564648532
816609107943845888
465278219
729689945288355840
846905659945832448
1151261114384171008
765909323545513984
1094933576334872576
16937082
4544010444
199462863
3018963571
26520167
516065185
1241823323975307269
874743020
818451103
2297467703
774699551764525056
2329260715
2916907079
493926139
19098222
816491683651031040
1912492513
782743465788526593
3408529580
947732201566638080
1713717439
1043353706706563073
715972567807303680
2177256592
797520480475324417
3154997494
788653445783887872
780595749725741064
890776810585292801
781640155
820089057807978496
41743182
32315134
1115220375326085120
4059533777
847989850473193472
958926375586418688
179088440
787120863883788289
58498873
133163052
3304021160
254624703
1021542313
2315838763
2269182204
1275651300873699330
3261837746
2382835538
545429410
842889600959840256
43139246
1098453850141401089
543509447
882784867
762482029065666561
1910116862
149252738
822915874504003584
930855350
730923783691866116
2284966694
124498597
732803095911104514
2431062566
1584082321
1402120393
3183397512
2871140722
1548758425
770190922512535552
711355959608614912
905290200
345001664
23035013
1146151651805421568
889688274976907264
49200379
1221995649308061698
1853272405
2801177472
3280039826
43060509
470022906
870731290596724736
268788672
896258742
3314180170
1162310717778755587
1081631826152706048
1360333130
3140800256
784927921064415232
35179764
823208050601267200
1711286238
2701048704
177389972
43221472
967601283287969792
24841259
4183046769
1263493088317751296
1234084692024057857
2225415348
820065226490073088
1089785948265603072
811768906301968384
22328080
16680032
1782148428
24991544
938019073
3189093031
904752541
4887216641
872151994542080000
793625036926005248
435354703
851826799
854560266972839936
1133133068691107840
1167627496197541888
3275300660
1247666451491651584
760913503850856448
267885624
2963107572
3299613916
874482116
770879618
3418384394
713184504194678784
903273958874611714
1026568013049421824
2341538932
1036311406377873416
972811
1101461131
27552650
547183404
88110301
951533326673817603
20596948
705223262209310724
2638470127
755887588544811008
36840596
1047238133170024448
1248382161981337600
2500470042
443095564
2523556454
1300869762667347969
251092819
975553971036155904
788221522464735232
1267331353315401728
885699636
3685015310
716450496513310722
838289962206310400
863991053195587584
779563097237303296
1261105859792261121
58862136
4579357152
1207034704366489600
323515127
44294971
1264970234
719202585639460864
404463989
427795266
236555484
155470237
759849779878821888
898144386
1181885295920373761
1963882993
1240368013674721280
804468982245822465
1096433267367165953
14966710
40548350
1158857510
48192348
1159179332641808385
1167476245694599168
1249872950
78670355
26769670
1249623782651834373
1207782202215260161
2259116640
1211092271753383937
1058101025897410561
1305907853610414080
1305907853610414080
1011333843499044864
1232807161366970369
994541613794910208
22102984
611481343
864654433
823885545130627072
397436783
1251971146238615552
2894245648
326521614
20481219
2559647343
1227056304562298881
2401827770
494430762
832722973689679872
479860291
703662196681789443
30945744
2279890250
25519397
3392561931
1201634512293302272
963673422004965381
43160757
1240016815763275777
784609596426035200
1240003184220876801
63766261
218634270
1150808563255844865
1162758486301827074
25992933
815601484729434113
748691923708194816
742822332427735041
1326323315623956480
1008847868
58003890
758497054419259393
831449515022508032
1304459312979271685
2506093578
1040678156049543168
916119710
1314311289389420544
1148796730298818560
1022678982
3292807238
1309962188233166848
270730807
1235572202319171584
158091935
17055555
44130454
567917574
359087790
40271429
973503684
2875166883
1431964465
43160757
1309746845044727810
801614239194497024
742928442740482049
1259468580
709190071187054592
1313881655866789890
69732035
1246019337460289537
706250022678085636
1293995126465994753
109970591
16190609
62844575
1306222708481576967
963479955828027392
757774716543262721
1213254905349038080
67054686
1319049802588459009
2986014090
782665180354269184
2324851298
1313640623552057345
863268762
713184504194678784
405067218
1178678598720507904
939953734242598912
102466306
44896816
820748438082125824
784813082371588096
1271151389796970496
779146731254493184
1239729655260708865
794001806175141888
1957799222
801282085063430145
52454831
44896816
1281602962192818179
828270601932521473
785276462173712384
1326702923611574272
1259830544575000577
138628211
1527738140
711345995506778112
1243706564
252651375
1247042119719673856
932955728968642563
881611255227629569
56733855
937513969408864257
966111445254590464
582362420
871112515790360576
528205127
23631904
2935061613
16458715
822616588331446272
23024891
92896597
1222130427605012481
27547363
783514897057480709
1135071712758980609
63188134
956212797284765696
207703739
1230148806362173441
2187832885
758860045203353600
4183143615
3396159569
130342625
568695530
787805886811078656
18080108
46317931
1285333613677088772
1178682596177219584
3092210625
840639973661560833
1238916043537403904
176438132
1228762232164683783
50937093
150441729
4040772207
721209165243379712
89028308
49317402
1015359900417814528
589788308
594104317
161197560
57729739
4872131123
27347119
950043803355934720
159494523
997217564521566208
18373946
1084076625820569605
1196964795620188160
1166118034353901579
36511503
3394269532
147992355
328470960
2263473960
733044874140868609
15871160
786596529796739072
878939119673540608
1054772765805277186
281207577
997975957985202176
980074483
23983025
16719912
382273932
700709572151869440
1227455172382732289
60429918
1004085280859705345
1306331828706476032
1040696578556784643
1314303666472525830
1223789618614562816
821714448486432769
118278429
1053468060911370241
1326820010371641344
198297532
32906844
1065258881708777472
18856867
131216223
52325246
3293118434
725491998732521477
1242862340925616128
1194755997711114240
761312339194966016
3048416747
939103541112725504
1271509434884292611
1179469835715125248
1271169343989186560
1247582322406408194
18533549
447554226
381675632
3289045495
1108189182
1109898932254138369
1199715431742877696
1244814604007624704
77679836
808765814681673728
1277866890845491200
16016625
212457705
100179477
848931337910145025
1290627651636465666
238443617
20715638
709560893
1419650485
306496514
18193133
1112139754366214144
362723824
561742581
771820890
983313131454820352
615122045
1728625034
18245929
1277076700950642688
923702070917718016
448590097
16000199
1293731257768120322
3016736289
2860325151
1047104090210275328
818577509365100547
1240335059594461184
76858422
1140522925126279168
1245094054725070848
1163185919685517313
1243219114744676353
406751548
1258858834849906689
1233394431077863426
741258274528452608
1209916528533094402
15857259
1289067290378424323
983527219
1182495766322900993
1080648931141406720
882784867
1083877346996822016
415117769
490204452
1243219114744676353
1303396412282089480
217066720
283664467
731844151499718656
346833400
1267313474784432129
953389622129696768
209186748
3383081729
1009523471582466048
1219944530
336116161
286942854
803643472590868480
21746427
2567803520
2728724159
1379501748
67301991
1004756694625345536
1270041825370406921
1208927910553370624
418036639
1181731349213761536
4201300533
1215311723005169664
52247328
389919115
763953918808162306
849982797154590720
987661393
571592528
709196418733449216
870380523872436224
2329819892
2872795917
1268989888562524160
1101216644
873591479809265664
1026218685915049985
1177636665428299778
314024921
834992810159923201
337062648
1299212994816208896
796808802448179200
514019583
826432328197140480
16196491
2635376577
2337768702
3386395377
1238815708131348481
1031997646192357376
1082497097956499456
3339172629
883015791968387074
1261697591529500672
1270470730778578946
839295331804327937
823354790
2442285438
1314206751185489926
1032599523279790083
16422445
1058165895749660673
196728143
1088110026
13165482
837020268900061188
1248744726053842945
34434128
35884419
1307078692783489025
57946587
1568851314
277214807
849207961
4498499074
4780731385
1181260649977896961
535992830
1290913270602141696
1166541372515483648
822169914488344577
57189208
2865964389
1058615459686297600
272714379
827566677256704000
217044098
454755859
1059243682023391232
174830546
126327405
2891994706
1233069623463030784
960205145970790401
786420439425830912
1299605491601997824
1285441875499868160
1197737358210134016
384858477
1286865670949437441
2317753988
964548384714567681
954826229135286272
830898442608246785
796175233
1240063117754761223
4914539795
4914539795
1299906781162987521
773224756971577344
1237510549698740227
1098549566515961858
2473282554
567911598
1005327461977075712
2287366542
810566077457592321
1266549560014487552
220530450
893850626354020352
2502539441
3723723982
1252286070240272385
84504800
3087610824
1262221308793778176
1284790735
1872219361
1199023672675229696
40326161
2217125934
2847275926
875188337245638657
1403032802
1213954765316481025
1294511642454171649
1084107871175012353
1064992387091460096
45989687
2407540446
345736145
252645951
3004649999
1108073516304347137
30081953
1258899000238972930
353807273
314021802
997229264
2203503417
1168888927027003392
2868310327
1273218301691408385
31162045
1080122303139049472
125983703
25177783
2310624396
134545911
401684906
3408893594
3738735440
768223211284725760
53119816
1892054798
1325508725059301378
409832489
16458715
969546759381962752
718127601257197568
3381383360
260883187
801286471407796224
729811104189153280
1285570386113908743
1478184606
743097759650086916
4886831986
15248550
834992810159923201
480050793
1146850723436670976
189886847
1316409246578348044
2168339228
1282138216267751424
2838117555
1214594442914611200
1167426293106905088
236995682
1272256458458116096
369819300
265755743
2757322786
3051577197
1001581558971580416
313378959
1083369976139005952
1259650468839665669
313378959
1301689573852897280
803317963004645377
44258331
25585451
530813732
193457471
15730764
27722912
789845232
173851898
476296425
912583795
1182294310533787649
2696165505
2930437504
863531103898017792
1285038486966267904
1233859783431720961
880884612972638208
93112589
1288870968685932547
1117378354724909056
1324068867681980417
2379382080
24179047
1326651690871910400
56116416
16975925
778285277039112192
2398754240
1284790735
1240295020827213824
323209579
17535744
4914539795
701987311387594753
393126462
905125585424457728
994619469610840069
77177510
1162758486301827074
913082355136565251
525815214
2337711540
821934096
119748026
49391788
236705142
786751402437509120
823497751
351312452
2670160589
866477964
1220524667632357376
1326932132275621890
130110713
19264063
833898534
942236999586631680
7349062
1959210086
48075280
299085289
326306496
800652126
1122802638
925005447169478657
50843604
1256270579042320390
1668691658
346833400
4003048703
1301189059231047681
786367359296561152
499267113
1017402980901871617
183657109
1084131217207971840
238233474
237008251
4003048703
1049696858283466752
99944372
972971385306865664
21565264
1283877243173965824
117767052
2440585071
1021215793
880910591191375872
747552338
485224970
54993421
928378394236063744
936600292593946624
1246192620260462593
27139044
14825402
952995830142849024
516664399
24787367
1241894285873745920
912523890244640768
1271154635424727040
1130516875673296896
39878846
1213935303020269569
1246639204668407809
3403052927
2944410062
3042177503
46448402
290156022
1034207535530692609
1231026669051371521
1215044803689234432
865336905742856192
61143632
98974716
3343085200
796024840473841664
38036678
955685794433318912
817842478808240128
1176825754786697216
50875502
1307348819781189632
2919099337
18083233
1170769183463759872
102466306
2785311864
139572108
2608820132
116022661
803080014
774099067349573632
1277417781642907656
24981061
813425613319139328
1199125484
771560250
702033150176841729
183657109
1223548897806692352
742137549263536128
814989020547710976
19838783
420771708
41949140
600741798
49663205
18592533
36633010
974097816
503415347
843254775990829056
1321482750919118854
902650857249923073
445757070
1169110058
2319423475
1206748829422256128
905585546805764096
21266535
358922958
156742352
364709037
1131229580298260482
22245757
16976787
2612930640
20145436
261736294
60429918
50770091
2418316267
943848851684974593
95667929
811363005359357952
2192988727
76559912
549738235
1090104583656034304
128340418
1266805237874135042
15079601
1301195361453826048
483700239
391761599
16395830
1204292349569822721
1285351808953532416
18086847
43769544
523558635
4854886427
23272461
28429310
418410620
773234103768518656
90114466
742790100891799552
1330501572
790019230389248000
408598021
1326524869681410049
1268738492353392640
1111682301577043971
1110869438889451520
1289914137653448704
164545397
1310605490
804497217931255808
191155294
756139310
1553843870
45190898
865140456
894948654666010624
847911275212550144
1553843870
1094037350290575360
604954282
1279445575075840000
1267610134206955521
3348681574
1131973817251897344
759001649528475648
3348681574
1265423261397061632
1252347204498608128
714572211298897921
816049466281197568
22666949
84894878
1297771936261574656
2279717750
3434361723
2710634580
4830482521
2468505925
1303088331899756544
849624980732219393
3839070432
4172714567
1307154500415664128
1307154500415664128
1307154500415664128
1307154500415664128
1307154500415664128
1307154500415664128
399048734
2840188581
280369476
26119937
4345818616
63322264
52383761
529456172
1103805367
232654492
55976150
1073202121502326785
1045744002723717124
1223789618614562816
4040772207
840409243375271936
1114287189003833344
280369476
28720668
871245764
770347319199793152
32638146
239991323
1645941986
1081740593427070982
16719912
28285377
308524859
3414854195
950428040
251606996
352854614
2841819968
1260856457752391680
1243274347202121737
1267973798625775616
1315745705437196288
19842238
1293296307495407616
287240540
1208291352594669568
521966673
16704290
3306173819
3302766727
1692355104
788317027769454592
64307384
767424168669229057
446831880
1157739574665367552
790740760471756801
833105673219092482
790740760471756801
830475538661773323
858741079
19362433
1344287792
868537109337878528
769955679217999873
4711406415
131181901
19447806
1189197657018945537
4183149012
949083354439143424
211354149
2851116472
1225398882915536896
413491182
374490485
3621904955
1250249344764252165
1265137472
1241345054033281024
2303398880
2303398880
2303398880
428592434
979042401380581377
2442495256
254887089
1256443835254665216
813184244067553281
2880799843
16106210
2462427811
1031698208
1176458888712982529
29120250
1459535533
868633245562183681
2703136376
2858925305
456313298
959862389654114305
2305858879
705890784319377409
718389989
340213155
4332143482
117641504
584330930
902252376
2168533758
1062132627266768896
355085595
33611715
29759829
1256443835254665216
1256443835254665216
1301652851740094470
1256443835254665216
1256443835254665216
1288286541324877824
699023166761336833
1249930586870951936
107335343
1296124040399052806
1194149504297111553
1225581286686969860
107335343
4659570037
166421491
203131060
23603940
870266793264336896
1304267993371860993
1283775646288797696
877000639179509760
339105063
920368994321920002
57932738
787841721870721024
1325115049715838976
61015562
28401740
20826129
34633253
23631904
43447792
34633253
1072934705656324096
1035599023481278464
1206365156214743040
821869181280915461
969668222839554048
222352057
1016515694773485568
1186651658887016450
21531121
950634503000621057
1096568381564731392
1239913414027145220
957677123941974016
542962969
703588035657646080
1256443835254665216
1266753640477401090
132642645
1264287675462250496
948300715784482816
754393868443979776
1284077399211225090
2443243128
1099102523405811712
231636856
1241924859577479169
2841377931
2303398880
868633245562183681
775905636005445632
69935036
1297361433395630081
1293563093935468544
1323363032806772736
37343086
1183236877010251776
1107004753333104640
182362719
60437806
1047815440234205184
1211039558130778112
1308800185288581120
30710014
1249719853340123137
2517043927
982128392978878466
2280647311
2913867989
236370429
1273863417359728640
1209546585664884738
825045832206540801
1057024393493299200
795026842759532544
60403583
327701992
16580203
17563655
254238979
1300523956378558464
2891335724
67288045
79236840
1121047141382623232
1311333442257379331
117308306
821346146392113152
19036966
2300546504
1311333442257379331
522498774
1225195136159711234
22229622
362038774
49700314
1270071786026094593
22229622
1320868277002870791
1168174331446382592
1309568717949480963
2858620616
1308544751042404355
459685872
829766647443496960
949257748763566081
1134920139374247937
2900961652
393506430
561571246
785315494899257344
55891698
746534485924032517
3666245975
1179742721130450945
1091846620059189248
1240835002507702272
1185014181331951616
394721012
878116766798405632
811356452
881667292634816512
68038929
1303002563684577281
1284872874038374401
889621698882019328
1107594661693054976
1107594661693054976
753719591189307392
108117349
180874380
24861271
1850293754
3702234197
330121407
874784751273431040
4410640306
759193394048491520
1264492516646084608
170827167
3331767952
837683814470201345
1322002964114939904
4772154607
1121047141382623232
1177290381525807104
895814938995957760
1148688546129219586
2350350648
42996191
1083957943
25274570
1264315837462327297
1066739413311545346
1066739413311545346
1157228235681345541
38560234
888591782153338880
3022998468
1070814800559661056
2971800712
1137370106407862272
3289565902
959109770451062784
809888578641756160
741062786449448962
741062786449448962
774699551764525056
711693653954015232
711693653954015232
895814938995957760
1277496308681576448
711355959608614912
743055723756720128
1192933854992117767
1319299854
786329417261780992
220198982
381950496
786329417261780992
381950496
64124640
2887610657
3252669380
3949748716
28105461
28105461
1233199035332337671
1266574371273015301
3350674221
931681289614385158
1096343152812642305
1245885391263195136
180613214
2844435437
931681289614385158
1293699791625560071
4698427297
2762251732
900978299823824896
1408742052
589303989
188744528
1269090191567798273
1169892745
1245839951268204546
1323324916771524609
410076442
14833394
49818137
3287982566
754870837304360960
847566835230818306
1146540514998513664
4358757799
919885677608673280
824334228145848320
2335458098
1247491603
2924942342
4236276612
1276635724972879872
245609656
1180923790626377730
3103665354
810695664799809536
1090075611521941509
364083138
34129680
1163997245244469248
986604148362809345
4893329892
1082197856
4831744874
1324542757520723971
56691473
2313204826
27458731
876490591101517824
789357533890744320
260944087
1048044452873478145
387962635
1324157883257253891
1324157883257253891
133277230
144737971
968662418141450245
703059273022963713
902040648
1273355291845943297
711963789546037248
711963789546037248
703079350657290240
703079350657290240
930236174811230213
882107221500452864
26812918
720655669813075968
720655669813075968
331786486
738908787021471745
839295331804327937
144737971
228143818
1296475689382604800
1090776154942795776
343135999
1238992997276057608
62835123
287514279
227465979
1083772334899675136
1280503950245007363
1288298857290375168
130482884
1091449821439905792
1006798741
2455577136
943879186426617857
46404775
1244611155689177088
805875608240685057
2347736202
996173228677746688
2871410219
375606205
1264546727794802688
346833400
725049189751738368
1309999844438622208
525732418
1266658288877408257
1309999844438622208
117904412
1783776576
1041558645358514176
2913867989
1207180978910711808
31628506
874590102
1246639204668407809
2841377931
383598615
1169892745
229675967
2759441790
445382482
932662676
1160681953
1267208893765087233
105424655
1950820152
1160681953
62645116
965402240855896064
982255444969209856
1250887470943744002
786985903369494528
446831880
786985903369494528
20313138
309205240
825880042601279488
3013912421
701202878162198528
513396024
1546460323
138117174
3485436801
48372776
1008847868
37810626
2634489965
716435263573073920
2823280973
1285038486966267904
702996215911342080
1324129860000927745
36454368
1078969656856195074
791790123478241280
1325685008783167488
747278641730625536
1263547144402866177
1157739574665367552
57135580
3989262431
710903460934254592
1272341916433223680
30305144
1083599546
1140839394422640640
1047513429806702593
583132798
116837392
62559533
1311064617678827520
1043980188235845633
910846532018147330
263167228
310473863
254624703
1089215682334609408
999453985
2365181073
88851341
1317976444962820098
891101580623323136
4893755585
3173348733
1209265795
1221592075348729857
814983802221109249
31122262
1314215223033692161
1481905722
1035130256443826176
2611940521
76543481
991662809133010946
2337236772
737717533051080705
235703548
242113094
242113094
242113094
1231026669051371521
25173349
242113094
242113094
1243390168125427724
1110869438889451520
1732405544
1902930638
1300212562492035074
814945374209064960
341330995
893613812745515008
130389439
2525341578
934689257813303297
341027410
25852045
982001079616450561
3063990535
743569985348468737
1047242879104516096
357240447
902902542857854977
1266190038099881985
3015927613
354919513
1195578355057397761
835905064078303234
277764819
19932120
108450607
524834510
455043739
1203127298431606784
801278530378006528
1537601714
326158891
858825054
1451810424
762841407367229440
865106782481285122
796815996493463552
751281974
544484168
2475708660
1166799265806503936
739990119659102209
720282206
45272842
1564394012
766929144
519611939
1290064778
1289785178026467333
1242483916910387202
1222913968408121344
120303361
1031698208
119984224
1193574125601722368
1287441825251209222
1285237391700234241
3067585165
717937938
1269798037674696704
977936918867521541
1214952072359096320
51934200
915021194
137557477
4182380774
1265476982655135744
2809308401
1020319719625306112
1229191515513090048
95107639
277214807
2180875232
1190619301084106753
14554595
1043225274324795392
2993670326
1429320763
373703200
1038903441404379136
1179503153877782528
1633853574
21621661
501401166
922800136627011586
722918508724551680
1222635064485392389
1251812364913172483
2649510356
718266732
3252914051
17370703
1176458888712982529
1240056700683440133
3241733347
3000129772
851674140
893613812745515008
703832021957619712
1324389526559723522
35241709
738399937734397952
840042230
252336372
17074734
191507439
947977862782468096
1255240630277718022
117878640
53888379
1322714711054553088
1560813024
716800784269242368
25101996
889688274976907264
1283098611404988417
824981283323404292
1110538754488438785
49225605
1152033908088877056
1243720319459876864
784927921064415232
3885442994
315913915
972496221590859776
783818443
3073437754
863693749
567911598
1310744578413211648
525690382
590944240
430647149
1264469956306989058
96476726
1297620349228638209
796452764272332800
3228367245
71311025
1310276223357136897
25300825
2450107706
286806680
2335065255
1216566645587611648
1091428487649546242
2980315642
533283479
2478621200
43368583
1277676869635076097
750403230236938240
1636733114
1851693836
556362227
750399225993699328
1273050907052294167
248706345
1158541681832030208
3747099262
94895291
849685614
261241981
1579204362
1213915912853573632
45673193
4062325094
50270878
855649584005103616
35045311
3974900489
3302611902
756007446859001856
847845874751426560
390204613
1321392487051776001
1226809629537177600
42447922
1260759542427779073
274795516
4107573141
82247611
229865118
2250446072
199493444
954342878
1275768924014026758
42619857
267440367
1025036247591518209
777134749424820224
92457262
2690167704
1042144202518343680
978042941913554944
286494487
775453703906086913
753673619708882944
1117763472824074242
1248036411485364225
702892488
1295371061593178114
1006311242498109440
1288579637786955782
594108149
1291747000992575489
1005820964947550209
1249873440
838426421534011393
828788944842145792
389265177
918184190197354502
3218805784
2387710926
259495952
1111806212981620738
1717287152
1207144919665541120
563836967
781128266702790656
343696131
1690834207
837511501351104512
1235695806403022849
1131210833105760256
1200709897341603840
1146081000381911041
1865874481
1315288787556204544
1099782235417264129
833369053154521089
304161911
817758682607996928
1105608825242075137
4160890222
789836586594672640
3022998468
2182901815
1002682993
19354935
197223732
1646152465
873323887823642626
767497303204790272
213491573
885545527
1294665926420451328
1013541725401255936
15692642
1310336001974378502
246861302
711487651
225253030
24678249
996800031314231296
1020861701191806976
3450033556
46543604
237406736
243767592
1130253986
2340935540
71920255
1310275800374153216
880834102751973377
3159147915
345715294
1301830693694169088
58965190
4237932478
722186578357985280
1403325440
809904438
821477571091136513
399239690
29234408
275893884
426129236
1299906781162987521
313676704
858110570289143808
2203455899
1291511172953329664
1303785838074105863
823935369364312064
34217076
1326668626368278537
801804439526998016
4605549200
1307754125908533248
377735275
1306600466038566913
1246129871950143494
245605402
3843281596
2711780581
756547846824787968
37732407
908483970572185602
482430558
379998769
248041593
1104526791996190721
1549648112
954446896071835649
49317402
795831492114907136
19612969
1301304240284065793
3400588109
1254818205849325571
582752523
804499991196794882
4409744068
1043096897706242048
353347353
1299877802955563008
625009786
890885727356989440
3260284128
1347884256
432684636
2318991212
896498547843096577
434458299
270462918
703437218258382848
1321524481047830531
789265917557420032
1026151062514950144
216467680
18818111
904751363787292673
2907418141
983819579070726144
1078928015394918401
46557543
575649944
1314017763476664320
872235931201351681
17602514
326521614
945370075523055617
1288170467971473409
470470053
1340302418
1417095949
1311966149144276997
47615980
2177337048
1273687089897336832
84662482
25278584
2606494014
3148606574
941794072251043841
1957954214
4886325111
331106963
1002592450228170752
1021542313
1275260410950823936
315461934
40326161
868658266556977152
885705131362332672
1730577577
785314381114413056
722878296304660480
3929993421
1196896072175685637
2288898117
804510505255768066
2957487126
1213359789801013251
1199023672675229696
979382284330692610
91153898
15501088
201684742
519520614
151976213
237341117
116238031
1168407171698061312
848931337910145025
1306779940851916800
1371572360
1275282328890286080
34540554
54117141
2391366750
958688583036162048
827542415900868612
1263355310
966836601434394624
1122171384
968529223773278209
1320406928703434753
48869280
1325816359499018240
1297801744085397505
1290360230757273601
1170029659460984834
180635824
890478834797223936
712434794387341312
1326223761218170880
821413199861813248
2579842441
1319909364518522880
1325776426805682177
839671512978309120
29061853
80458203
2902250808
889197448534609920
780573819429720064
1297504000091262977
3099573452
1120464939079143426
1320414724387987467
1084114142
67127154
21409985
420821803
881781833033289730
847472269743935488
785707539342254080
923309605
1248070842875088899
1542593329
23615868
27181317
633668968
761360181854961664
764446897381801984
1314990372196499456
1089536220
2864221346
1713863852
826708564668510208
702313144346017792
801510387740905472
1060718898503450625
999973760471044096
1045085749203234816
46705928
96045156
1310765893388046337
785503601162612736
936743236521136128
23334019
1069731795371880448
1321573212568825856
746862852900683776
759779884923322368
872182497928396800
51445034
2373026731
2857853061
321488938
1200979723620356097
581446512
2310735645
484980949
1740263882
1272695316941344770
1270654121301942272
714572211298897921
263540061
4262084513
994191084501852160
2703136376
348153898
934908046924492800
369246223
131960388
759064710025211904
788959099715260416
1256901831151824898
111991658
1123712497
949257748763566081
711690542715944960
184304417
944376280589402112
2347178896
132617416
3949725369
3016736289
28180775
53933988
824088990680686592
1054738227284844545
1546460323
1918693386
1109073224447352832
1324516463919640576
2822780688
1154178824038305792
1198162004243955712
1066011724472557568
621536241
3241875014
15196540
3091411973
2562730474
4543975153
272621101
164927499
3180679291
240776666
751242491387531264
178117843
251768589
2182354909
732734068593332225
38560234
1523826788
1246432946120265729
4346098152
1604196067
907242938
1060516840038957057
784813082371588096
26732837
633209409
1068280348620939264
1250175123774230530
3182332453
1274851110617047049
826298226651316224
882107389998055424
975355854701629442
2767246984
3297280204
1108522889626767365
956989774010732544
1241585661448081409
1290373560704221184
1441088696
17840670
1548458402
2337236772
536615771
511085575
763567741076959232
993738587316375553
1038909473304338432
4658591892
1058592810700550145
567869924
740949185130692608
3301954655
708998247906283520
409506101
1277496308681576448
748964694388453377
1607591160
1083467443647979521
3356128552
714991984725794816
2195389526
7403172
726545181173010432
4426356741
913037276
778763106289758208
2305636374
703061924418707456
3153618254
2905102353
4443440593
835975402464108545
1311518583172861952
1282247383
1563925675
1115424206676791296
705635281546817537
19031443
1278327072214171651
17759133
803107663089467392
1275034832
823641424268640256
991994593490145281
47357642
969773947058376704
548051210
548051210
774699551764525056
1547985488
3647712853
14833394
3281097205
25517387
820330558760816644
1284862226554183683
1915683367
1144286304793853952
14833394
466162552
765635080974839808
53563914
788948434988466176
138943087
1088165123641036800
1053815473857540096
341650311
1275205174513012737
863907490488094721
1650974696
1268648509374259200
602935385
101907997
4512551248
282848539
3621201494
2539266784
22226278
702648563227033600
614675143
1170759555048980487
2886848294
3074013006
1517388853
991804654991396864
824046526208974848
1408294447
42075120
794000274356629504
1123712497
1214741819281551360
947830647351017472
1315351884446617601
569578376
179067771
165813456
739573161008631808
54891527
910692669797621760
1156000705511133184
1148961577749663745
1313596739627225093
597365014
804114890
965991201584418816
1124705089925599233
1237134777322520578
26922455
1695227844
604152042
515847379
368718076
49824203
1317247755857920001
1455632137
896895626255806464
706340719980625921
305133381
3344127136
15008417
704952101
1004824277391237121
876574958041927681
2733550105
1251009236428967936
1321130992501989377
1258774059422232576
1297108952581320704
1295001682850525188
1252143334983786497
16702760
896126065185259522
1385395500
341688336
1053968635
1249538626817413120
731368615
940261736489345024
1215246858735452161
307039086
1499775464
127758474
135151712
1488864481
1202430972794269702
1184947478426243073
2911163340
254238979
1231972511824457728
872230605278158848
782028117636415488
233721301
939103541112725504
803118847469289472
1233648862348210176
715354484403253248
2230619184
190251322
301546942
1606480502
608766372
787003418867097600
194512508
980068865458786304
1529340344
201043215
47098533
1002075365202784256
252286126
2802097263
798949909
912445434899054592
812356040448585728
267986233
1300278555830411265
4520024147
629262455
550956112
757556461220356097
629451968
4870881870
929737222546493440
178810387
1164599754401210368
125690524
1225606298604933120
490912770
1247582322406408194
1298673088486346755
1310991746961084417
25395820
2165059499
3421886643
3475353317
3251604476
931023807388766209
1111015562400927746
29355096
847610606530174978
1325279820452925441
4886380750
305058336
278574818
189658296
259265413
495546507
12106482
738470646443741184
18294439
893850626354020352
950400117546237952
18377322
1899255175
166884867
1305600667176898561
32487237
4260937929
624423136
881018405481988096
278902654
1016796909241896960
1100521011051671552
17219754
251453399
3519241694
1279948791735615489
170592140
1275118020084580358
1049578405
34248474
3350288327
1108388653200535552
4765990515
905241041380528128
780606397268451328
799265241293066240
1229434098227216385
902729242743644160
1301977260665298951
11036972
2913678013
20647617
822762567387021313
1523567628
1132425720716644353
786350364844929025
1312427592335585282
1216578129734574080
1246019337460289537
1263906234790535169
907381388
1184094094735400960
487600070
3319956996
1224324248916955138
112290378
702972818405908481
1322407306039074817
811926834
994397666263085057
54694077
706918145215234048
2241717492
468672175
700466626844446722
45989687
801193447398903808
4172714567
2741446447
748253412064636928
1146683604
4011622601
569404221
4169523052
3300072236
1293184751138820096
1034271045065293829
165869956
364740728
1312458457669304328
746185282517557249
872786449
2341487051
620060698
1207631694431309824
1100567685669273600
866466433676578816
2795205690
706250022678085636
1316226699940552707
786473586764554240
19098222
817508590739161088
720666741412483072
1179240196354658304
790263701643358208
114974081
2168891966
3049964965
64408317
1931084401
1193590927845142529
41093722
2310497738
1237339226330578946
714132956869222400
556910960
355728793
1304135788670660610
821474941799432192
1240295020827213824
1177598937391407104
1324820861585600513
986399070796345344
227432118
1189907538579513344
1311131820017225730
1260580933989732352
1048605902704709632
53707699
1320788708463833088
1317956118191067137
1097632057839284230
26193351
1247906017360220160
923367854979760128
2266168763
213036164
1144063715056279552
553190985
709499719345709056
1258039191893676039
43708436
720785742193012737
1215409387608502272
1915332162
1296132827642302467
2803685016
2891472286
816995904993525760
636449046
985879177
827042942569189376
570524532
1144421822739492864
1193520380998307842
1319299854
372078097
909411446999494656
3804528016
50441120
799646661844799488
843162407224655874
3312339378
880545711892385792
3161308729
2329260715
1305263834123382784
714538042229305344
889176109409087492
1325889869294546944
1125610782451011584
803560250
631656282
50188609
976446646841151488
1293006107422740480
4919080518
20600922
2227350161
884950836
1117827115745972224
1045853877302628352
1057020473006084096
905260576888291329
373938490
2994238670
2705283162
47497573
791851458241171457
876146968413601792
3886653026
584092333
256799206
358909243
822923885108690944
829104120657223681
727523600912130048
38226099
54549682
789151738003456000
2381210730
3948615497
1139321724170842114
755897108
78777205
578505155
839485124068708352
4068254879
1245106127311945729
1259650468839665669
1269069980634497026
1243619923202580481
955887216332599296
480934722
705813242602496001
221337205
789276428722245632
339665240
117573043
1324464639699202053
620380827
516872875
877255319239499776
157556375
38022781
1006782722
735898694222897153
22272027
2223776764
3309130765
443507554
701911021250854912
236541422
620380827
15793556
84592949
1156590095622922241
1037981756
1173239803128582144
