46897234
3008945196
555010021
733218724564467713
49061062
264760765
996987797306130432
4031103373
72314612
965041630045618177
878878499963981825
982468038
298912245
986507289413611520
81774622
571199324
893102440542650368
554903369
3075833418
2700213211
1164679100805500933
1958848843
228655944
1266636624
1214123995148120064
791647238820761600
20764601
922328574912167936
267722044
347796114
39098357
90382257
300388711
1084267287425634305
1243014770514526208
507118937
742559793009680385
806833879537446912
1239165766903029760
737212247747878912
2904492217
999840167543255040
1199698702593478656
961498080
64175084
234669961
883608488282275840
132958034
79386702
993280892389834753
3250294704
1116548898380607489
626523918
68487090
865039720266387457
818446553304006658
809730777877331969
479331042
1200392606
873809376326205440
574754535
33155154
250666403
843526760
2916544837
1108661487797596160
198877016
233426099
902388319199272961
3236995878
121129740
1011249035494035457
2517886146
1246721582845677568
2441150298
2701980216
370279445
2407320156
2892208116
14282285
1028906354
377641359
157321245
837630326709096449
2208888608
143701365
19662986
86691433
292193262
86671060
816849789325312000
83979860
148686481
143740022
198468655
423406260
147933697
37910800
703247881524785152
1028192481500753920
123288084
1247787722413977602
1671754862
41619307
3151426513
223956872
2784604281
1160498768334053381
2311457119
1254348403
921233966404739073
959318466992861185
268473998
4737911899
2470126643
1712354605
3412358839
1271460458487144449
164221330
941729824824991744
1245691274046222337
79824857
193344134
822712099964993536
1528058713
528370121
4289858477
4849294518
934332126
63167259
1218833558791344129
1318353872037924865
1255414203600506884
944914160848011264
1396580252
155195744
3299535534
1195109813589405696
2580245568
270284958
1122019196
1103061388442779648
1118008407338786816
892041477664063490
2274114432
880022586
899573254154670081
1041897054157529088
1148222604173385730
2293585662
1246913303772708864
2945757008
1022122061261492224
1145675130795749377
785101291974369280
950360024416534533
2257479554
3188033000
1198382703596331009
589897963
1726034304
2501500808
104096454
454757143
1100367457259204609
2397382417
300701438
764388083210915840
138582135
1075330098058821632
1161080307874816001
2895609373
1013093826255208448
1591069326
858546142543364097
1186250600138170368
708936468945723393
1144105374506577922
150143454
457543516
945015877316964353
1155410511061630976
3246065904
1162621008882229248
2476990166
2636566609
1620548983
2975716447
1221777865
797440363233353728
981585019868135424
1001820818219782144
103031513
839064091209658369
328043148
195701653
924932021947858946
1245013437400449027
3545789597
4039574795
1023113896356392962
2217533588
531621521
2865786053
1027470297761542144
1261310582600409090
935654660555210752
2278913504
977610054781325314
17487933
269966851
230739034
586553338
189928602
100599026
1259509101710602242
895184334273081345
1116372999341391872
220626767
16590076
1127493252
306828679
908278062877306880
54116600
908940791061479424
362494981
1014561129324924928
808805349759193088
1212235888442216448
1228893126539919361
130939022
2371076222
797040204330565632
1103347876325978112
209347407
511765822
377652653
363721701
801383190220783616
1259137774516494337
101259264
1232726093775306753
133556582
760071
1321020775726415873
91024016
245084005
812714233796268032
1070635032736235521
2876612376
1019484692762906624
123904224
88273116
86924681
2923315177
2663176292
76342362
1295379871602941953
851729909089157120
1003252808290693120
3900072978
1888657028
2389727570
1135239251623178241
1192084361052602368
1200094607163289601
1231469309454512128
1919749116
1251252118415044610
817314876175433729
1318429401562963968
359088563
1862199368
1217485349364039681
1048878041437372416
1045462020810633217
4731152834
48664614
1009741417
134165449
193987190
502973158
19445894
4882617898
2785172283
707048551
